26.3204032736
26.0450634667
26.3055867627
26.1662366377
26.1392605089
26.1146684211
25.5905507958
26.2483677621
26.0207890323
26.385305138
25.4821788051
26.2612095581
26.0236573929
25.7554809875
26.051959086
25.9995920358
26.3847977595
25.9783006079
26.0712515977
26.6079150472
25.8470721363
25.6706852622
25.8931215758
26.7212104785
26.075374389
25.9675888654
25.5588327011
25.9111852605
26.3069419862
26.3772033829
26.4936596428
25.9364327351
26.4861798335
26.2040069287
26.3382850762
26.405479467
26.1570155356
25.704471182
26.6098291201
26.0232322718
26.5808858485
26.3178521171
25.7891414387
25.5264487576
26.7927100194
26.2839550819
26.2362927704
26.6273707844
26.4870958043
26.6467053859
25.6768354998
26.4306961776
26.4881050377
26.3247389245
26.4564214621
25.769725825
25.9257170192
26.54467825
26.1182105623
25.99183431
26.208213934
25.8001814478
25.8865683481
26.3485647066
26.4744116143
25.5921404385
26.3199287529
26.6098834789
26.7320268977
26.3638077481
25.5069515388
26.5547820908
25.9437505226
26.4272015904
25.9816232216
26.5499272918
25.6345350864
26.3959167563
26.2383607115
26.3011860845
26.367498189
25.8779044861
26.2684108131
26.6806851604
25.537368019
26.0169119764
25.8577264229
25.7444561983
26.6878895512
26.1375090129
26.5976409133
25.9819536204
26.5694095449
26.3819541576
26.0484121147
